255 255 255 255 255 255 255 255 255 255 255 255 255 255 255 255
255 255 187 187 187 255 187 187 187 187 255 187 187 187 255 255
255 187 255 254 255 187 195 254 255 255 187 255 254 255 187 255
255 187 254 187 230 187 187 255 255 255 187 230 187 254 187 255
255 187 255 231 246 187 255 232 187 233 187 246 231 255 187 255
255 255 187 187 187 187 187 255 255 187 187 187 187 187 255 255
255 187 255 187 233 187 255 187 187 187 187 255 187 195 187 255
255 187 255 187 210 255 255 187 187 187 187 255 187 255 255 255
255 255 255 255 210 255 255 255 187 255 187 187 187 187 187 255
255 255 255 187 255 187 187 187 255 186 255 233 255 255 187 255
255 255 187 187 187 187 187 187 255 187 187 191 187 187 255 255
255 187 255 231 246 187 233 255 255 206 187 255 246 187 255 255
255 187 254 187 230 187 187 187 187 206 187 255 255 187 246 255
255 187 255 254 255 187 255 187 255 195 187 255 187 187 255 255
255 255 187 187 187 255 187 187 255 187 187 187 187 255 255 255
255 255 255 255 255 255 255 255 255 255 255 255 255 255 255 255
255 255 255 255 255 255 255 255 255 255 255 255 255 255 255 255
255 255 131 131 131 255 131 131 131 131 255 131 131 131 255 255
255 131 255 253 255 131 144 253 255 255 131 255 253 255 131 255
255 131 253 131 210 131 131 255 255 255 131 210 131 253 131 255
255 131 255 210 238 131 255 213 131 214 131 238 210 255 131 255
255 255 131 131 131 131 131 255 255 131 131 131 131 131 255 255
255 131 255 131 214 131 255 131 131 131 131 255 131 144 131 255
255 131 255 131 173 255 255 131 131 131 131 255 131 255 255 255
255 255 255 255 173 255 255 255 131 255 131 131 131 131 131 255
255 255 255 131 255 131 131 131 255 129 255 214 255 255 131 255
255 255 131 131 131 131 131 131 255 131 131 139 131 131 255 255
255 131 255 210 238 131 214 255 255 166 131 255 239 131 255 255
255 131 253 131 210 131 131 131 131 166 131 255 255 131 239 255
255 131 255 253 255 131 255 131 255 146 131 255 131 131 255 255
255 255 131 131 131 255 131 131 255 131 131 131 131 255 255 255
255 255 255 255 255 255 255 255 255 255 255 255 255 255 255 255
255 255 255 255 255 255 255 255 255 255 255 255 255 255 255 255
255 255  18  18  18 255  18  18  18  18 255  18  18  18 255 255
255  18 255 251 255  18  44 252 255 255  18 255 251 255  18 255
255  18 251  18 170  18  18 255 255 255  18 170  18 251  18 255
255  18 255 170 226  18 255 175  18 177  18 226 170 255  18 255
255 255  18  18  18  18  18 255 255  18  18  18  18  18 255 255
255  18 255  18 177  18 255  18  18  18  18 255  18  43  18 255
255  18 255  18  98 255 255  18  18  18  18 255  18 255 255 255
255 255 255 255  98 255 255 255  18 255  18  18  18  18  18 255
255 255 255  18 255  18  18  18 255  14 255 178 255 255  18 255
255 255  18  18  18  18  18  18 255  18  18  39  18  18 255 255
255  18 255 170 226  18 177 255 255  85  18 255 225  18 255 255
255  18 251  18 170  18  18  18  18  85  18 255 255  18 225 255
255  18 255 251 255  18 255  18 255  47  18 255  18  18 255 255
255 255  18  18  18 255  18  18 255  18  18  18  18 255 255 255
255 255 255 255 255 255 255 255 255 255 255 255 255 255 255 255

255 255 255 255 255 255 255 255 255 255 255 255 255 255 255 255
255 255 187 187 187 255 187 255 187 187 255 255 246 255 255 255
255 187 255 254 255 187 195 255 187 255 187 187 187 187 255 255
255 187 254 187 231 187 187 187 187 255 187 246 255 187 187 255
255 187 255 230 246 187 255 255 187 233 191 255 255 255 187 255
255 255 187 187 187 187 187 187 187 255 187 187 187 187 187 255
255 187 255 255 233 187 187 187 255 186 187 206 206 195 187 255
255 187 255 255 187 255 187 187 187 255 255 255 187 255 255 255
255 187 254 255 232 255 187 187 255 187 187 255 187 187 187 255
255 187 195 187 255 187 255 255 255 187 187 233 187 255 187 255
255 255 187 187 187 187 187 255 255 187 187 187 187 187 255 255
255 187 255 230 246 187 233 210 210 255 187 246 230 255 187 255
255 187 254 187 231 187 187 187 255 187 187 231 187 254 187 255
255 187 255 254 255 187 255 255 255 255 187 255 254 255 187 255
255 255 187 187 187 255 187 187 255 255 255 187 187 187 255 255
255 255 255 255 255 255 255 255 255 255 255 255 255 255 255 255
255 255 255 255 255 255 255 255 255 255 255 255 255 255 255 255
255 255 131 131 131 255 131 255 131 131 255 255 239 255 255 255
255 131 255 253 255 131 144 255 131 255 131 131 131 131 255 255
255 131 253 131 210 131 131 131 131 255 131 239 255 131 131 255
255 131 255 210 238 131 255 255 131 214 139 255 255 255 131 255
255 255 131 131 131 131 131 131 131 255 131 131 131 131 131 255
255 131 255 255 214 131 131 131 255 129 131 166 166 146 131 255
255 131 255 255 131 255 131 131 131 255 255 255 131 255 255 255
255 131 253 255 213 255 131 131 255 131 131 255 131 131 131 255
255 131 144 131 255 131 255 255 255 131 131 214 131 255 131 255
255 255 131 131 131 131 131 255 255 131 131 131 131 131 255 255
255 131 255 210 238 131 214 173 173 255 131 238 210 255 131 255
255 131 253 131 210 131 131 131 255 131 131 210 131 253 131 255
255 131 255 253 255 131 255 255 255 255 131 255 253 255 131 255
255 255 131 131 131 255 131 131 255 255 255 131 131 131 255 255
255 255 255 255 255 255 255 255 255 255 255 255 255 255 255 255
255 255 255 255 255 255 255 255 255 255 255 255 255 255 255 255
255 255  18  18  18 255  18 255  18  18 255 255 225 255 255 255
255  18 255 251 255  18  43 255  18 255  18  18  18  18 255 255
255  18 251  18 170  18  18  18  18 255  18 225 255  18  18 255
255  18 255 170 226  18 255 255  18 178  39 255 255 255  18 255
255 255  18  18  18  18  18  18  18 255  18  18  18  18  18 255
255  18 255 255 177  18  18  18 255  14  18  85  85  47  18 255
255  18 255 255  18 255  18  18  18 255 255 255  18 255 255 255
255  18 252 255 175 255  18  18 255  18  18 255  18  18  18 255
255  18  44  18 255  18 255 255 255  18  18 177  18 255  18 255
255 255  18  18  18  18  18 255 255  18  18  18  18  18 255 255
255  18 255 170 226  18 177  98  98 255  18 226 170 255  18 255
255  18 251  18 170  18  18  18 255  18  18 170  18 251  18 255
255  18 255 251 255  18 255 255 255 255  18 255 251 255  18 255
255 255  18  18  18 255  18  18 255 255 255  18  18  18 255 255
255 255 255 255 255 255 255 255 255 255 255 255 255 255 255 255

255 255 255 255 255 255 255 255 255 255 255 255 255 255 255 255
255 254 224 200 203 198 202 246 199 225 241 209 208 207 235 255
255 232 187 220 241 187 214 252 200 230 203 237 219 238 208 255
255 217 187 237 242 187 217 207 202 218 201 221 187 219 208 255
255 223 187 225 242 187 222 248 246 230 201 234 221 238 208 255
255 248 198 192 208 188 205 254 214 207 211 201 201 203 241 255
255 225 232 243 223 245 222 251 220 209 222 252 220 233 255 255
255 199 194 190 201 213 252 190 244 231 233 227 244 240 243 255
255 246 245 205 252 203 200 201 213 244 243 227 206 237 207 255
255 217 232 223 253 219 206 187 203 228 209 229 218 233 226 255
255 241 203 201 201 211 209 229 240 212 211 201 201 203 241 255
255 208 238 221 234 201 228 203 232 252 201 234 221 238 208 255
255 208 219 187 221 201 251 244 239 225 201 221 187 219 208 255
255 208 238 219 237 203 235 255 230 231 203 237 219 238 208 255
255 235 207 208 209 241 226 210 210 215 241 209 208 207 235 255
255 255 255 255 255 255 255 255 255 255 255 255 255 255 255 255
255 255 255 255 254 255 254 255 254 254 255 255 254 254 255 255
255 252 200 156 161 151 158 239 153 201 230 171 171 169 219 255
255 214 131 192 231 131 182 250 156 210 161 224 191 225 169 254
255 185 131 222 232 131 187 168 159 188 157 194 131 191 171 254
255 197 131 202 232 131 195 243 238 210 157 217 194 224 171 255
255 243 152 141 170 134 164 254 181 169 176 157 157 161 231 255
254 201 214 235 198 237 196 249 193 172 195 249 191 215 255 255
254 153 144 136 157 178 250 136 235 212 216 205 234 228 233 255
255 239 238 165 250 160 156 157 179 236 234 204 165 224 168 254
255 187 215 197 251 191 167 132 162 207 173 208 188 215 202 254
255 231 161 157 157 176 172 207 229 177 176 157 157 161 231 255
255 171 224 194 217 157 206 161 214 250 157 217 194 224 171 255
254 171 191 131 194 157 248 235 227 200 157 194 131 191 171 254
254 169 225 191 224 161 219 255 211 213 161 224 191 225 169 254
255 219 169 171 171 230 202 174 174 184 230 171 171 169 219 255
255 255 254 254 255 255 254 254 254 254 255 255 254 254 255 255
255 255 255 254 253 254 253 255 253 254 255 254 253 254 255 255
255 250 151  68  78  58  71 225  62 153 209  96  95  92 187 255
255 178  18 135 209  18 116 245  66 170  76 197 134 199  92 254
255 123  18 193 212  18 126  89  71 127  68 139  18 134  95 253
255 146  18 154 212  18 141 232 224 171  68 184 139 197  96 254
255 234  60  38  93  23  83 254 115  92 104  68  68  76 209 255
254 153 177 219 147 221 142 245 136  97 141 244 134 179 255 255
253  62  42  28  69 109 246  29 217 174 181 160 216 204 213 255
255 226 223  83 246  75  67  68 112 219 216 159  84 196  90 253
254 125 178 146 248 133  87  20  77 166  98 166 128 179 155 254
255 209  76  68  68 104  96 164 207 106 104  68  68  76 209 255
254  96 197 139 184  68 162  76 178 245  68 184 139 197  96 254
253  95 134  18 139  68 241 218 203 150  68 139  18 134  95 253
254  92 199 134 197  76 187 255 171 175  76 197 134 199  92 254
255 187  93  95  96 209 155 100 100 119 209  96  95  93 187 255
255 255 254 253 254 255 254 253 253 254 255 254 253 254 255 255

255 255 255 255 255 255 255 255 255 255 255 255 255 255 255 255
255 235 208 208 208 241 255 243 207 226 241 208 208 208 235 255
255 207 238 219 238 203 233 240 237 233 203 238 219 238 207 255
255 208 219 187 221 201 220 244 206 218 201 221 187 219 208 255
255 209 237 221 234 201 252 227 227 229 201 234 221 237 209 255
255 241 203 201 201 211 222 233 243 209 211 201 201 203 241 255
255 225 230 218 230 207 209 231 244 228 212 252 225 231 215 255
255 199 200 202 246 214 220 244 213 203 240 232 239 230 210 255
255 246 252 207 248 254 251 190 201 187 229 203 244 255 210 255
255 202 214 217 222 205 222 252 200 206 209 228 251 235 226 255
255 198 187 187 187 188 245 213 203 219 211 201 201 203 241 255
255 203 241 242 242 208 223 201 252 253 201 234 221 237 209 255
255 200 220 237 225 192 243 190 205 223 201 221 187 219 208 255
255 224 187 187 187 198 232 194 245 232 203 238 219 238 207 255
255 254 232 217 223 248 225 199 246 217 241 208 208 208 235 255
255 255 255 255 255 255 255 255 255 255 255 255 255 255 255 255
255 255 254 254 255 255 255 255 254 254 255 255 254 254 255 255
255 219 169 171 171 231 255 233 168 202 231 171 171 169 219 255
254 169 225 191 224 161 215 228 224 215 161 224 191 225 169 254
254 171 191 131 194 157 191 234 165 188 157 194 131 191 171 254
255 171 224 194 217 157 249 205 204 208 157 217 194 224 171 255
255 230 161 157 157 176 195 216 234 173 176 157 157 161 230 255
254 201 210 188 210 169 172 212 236 207 177 250 200 213 184 254
254 153 156 159 238 181 193 235 179 162 229 214 227 211 174 254
255 239 250 168 243 254 249 136 157 132 207 161 235 255 174 254
254 158 182 187 195 164 196 250 156 167 172 206 248 219 202 254
255 151 131 131 131 134 237 178 160 191 176 157 157 161 230 255
254 161 231 232 232 170 198 157 250 251 157 217 194 224 171 255
255 156 192 222 202 141 235 136 165 197 157 194 131 191 171 254
255 200 131 131 131 152 214 144 238 215 161 224 191 225 169 254
255 252 214 185 197 243 201 153 239 187 231 171 171 169 219 255
255 255 255 255 255 255 254 254 255 255 255 255 254 254 255 255
255 255 254 253 254 255 255 255 253 254 255 254 253 254 255 255
255 187  92  95  96 209 255 213  90 155 209  96  95  92 187 255
254  92 199 134 197  76 179 204 196 179  76 197 134 199  93 254
253  95 134  18 139  68 134 216  84 128  68 139  18 134  95 253
254  96 197 139 184  68 244 160 159 166  68 184 139 197  96 254
255 209  76  68  68 104 141 181 216  98 104  68  68  76 209 255
254 153 170 127 171  92  97 174 219 166 106 245 150 175 119 254
253  62  66  71 224 115 136 217 112  77 207 178 203 171 100 253
255 225 245  89 232 254 245  29  68  20 164  76 218 255 100 253
253  71 116 126 141  83 142 246  67  87  96 162 241 187 155 254
254  58  18  18  18  23 221 109  75 133 104  68  68  76 209 255
253  78 209 212 212  93 147  69 246 248  68 184 139 197  96 254
254  68 135 193 154  38 219  28  83 146  68 139  18 134  95 253
255 151  18  18  18  60 177  42 223 178  76 197 134 199  93 254
255 250 178 123 146 234 153  62 226 125 209  96  95  92 187 255
255 255 255 255 255 255 254 253 255 254 255 254 253 254 255 255
