255 255 255 255 255 255 255 255 255 255 255 255 255 255 255 255
255 255 187 187 187 255 255 255 255 255 255 187 187 187 255 255
255 187 255 254 255 187 255 187 188 187 187 255 254 255 187 255
255 187 254 187 251 187 187 255 187 255 187 251 187 254 187 255
255 187 255 251 246 187 187 187 210 249 187 246 250 255 187 255
255 255 187 187 187 187 187 255 255 187 187 187 187 187 255 255
255 187 255 187 187 187 255 187 187 255 187 187 187 255 255 255
255 255 188 187 255 255 255 255 187 187 187 255 187 255 255 255
255 187 254 187 210 255 187 255 187 187 187 255 187 255 255 255
255 187 187 187 255 187 255 255 255 187 255 255 255 255 255 255
255 255 187 187 187 187 255 255 187 255 255 187 236 254 187 255
255 187 255 250 246 187 187 187 232 255 255 187 233 187 255 255
255 187 254 187 251 187 187 255 187 187 255 187 255 187 255 255
255 187 255 254 255 187 255 254 188 187 255 187 255 255 188 255
255 255 187 187 187 255 187 187 255 187 255 255 255 255 255 255
255 255 255 255 255 255 255 255 255 255 255 255 255 255 255 255
255 255 255 255 255 255 255 255 255 255 255 255 255 255 255 255
255 255 131 131 131 255 255 255 255 255 255 131 131 131 255 255
255 131 255 253 255 131 255 131 133 131 131 255 253 255 131 255
255 131 253 131 247 131 131 255 131 255 131 247 131 253 131 255
255 131 255 247 238 131 131 131 173 245 131 238 247 255 131 255
255 255 131 131 131 131 131 255 255 131 131 131 131 131 255 255
255 131 255 131 131 131 255 131 131 255 131 131 131 255 255 255
255 255 133 131 255 255 255 255 131 131 131 255 131 255 255 255
255 131 253 131 174 255 131 255 131 131 131 255 131 255 255 255
255 131 131 131 255 131 255 255 255 131 255 255 255 255 255 255
255 255 131 131 131 131 255 255 131 255 255 131 221 253 131 255
255 131 255 247 238 131 131 131 213 255 255 131 214 131 255 255
255 131 253 131 247 131 131 255 131 131 255 131 255 131 255 255
255 131 255 253 255 131 255 253 133 131 255 131 255 255 133 255
255 255 131 131 131 255 131 131 255 131 255 255 255 255 255 255
255 255 255 255 255 255 255 255 255 255 255 255 255 255 255 255
255 255 255 255 255 255 255 255 255 255 255 255 255 255 255 255
255 255  18  18  18 255 255 255 255 255 255  18  18  18 255 255
255  18 255 251 255  18 255  18  22  18  18 255 251 255  18 255
255  18 251  18 239  18  18 255  18 255  18 240  18 251  18 255
255  18 255 239 226  18  18  18  98 236  18 226 239 255  18 255
255 255  18  18  18  18  18 255 255  18  18  18  18  18 255 255
255  18 255  18  18  18 255  18  18 255  18  18  18 255 255 255
255 255  22  18 255 255 255 255  18  18  18 255  18 255 255 255
255  18 252  18  99 255  18 255  18  18  18 255  18 255 255 255
255  18  18  18 255  18 255 255 255  18 255 255 255 255 255 255
255 255  18  18  18  18 255 255  18 255 255  18 194 251  18 255
255  18 255 239 226  18  18  18 175 255 255  18 178  18 255 255
255  18 251  18 239  18  18 255  18  18 255  18 255  18 255 255
255  18 255 251 255  18 255 252  23  18 255  18 255 255  22 255
255 255  18  18  18 255  18  18 255  18 255 255 255 255 255 255
255 255 255 255 255 255 255 255 255 255 255 255 255 255 255 255

255 255 255 255 255 255 255 255 255 255 255 255 255 255 255 255
255 255 187 187 187 255 255 255 255 255 187 255 255 188 255 255
255 187 255 254 255 187 255 255 255 255 254 187 187 255 255 255
255 187 254 187 250 187 187 187 187 255 236 233 255 255 255 255
255 187 255 251 246 187 187 255 255 255 187 187 187 187 255 255
255 255 187 187 187 187 187 187 187 255 255 255 255 255 255 255
255 255 187 255 249 187 255 187 187 187 255 255 187 187 187 255
255 255 188 187 210 255 187 187 187 255 187 232 187 188 255 255
255 255 187 255 187 255 187 255 255 255 255 187 255 254 187 255
255 255 255 187 187 187 255 255 187 255 255 187 187 255 187 255
255 255 187 187 187 187 187 255 255 187 187 187 187 187 255 255
255 187 255 251 246 187 187 255 210 255 187 246 251 255 187 255
255 187 254 187 251 187 187 187 187 187 187 250 187 254 187 255
255 187 255 254 255 187 255 188 254 187 187 255 254 255 187 255
255 255 187 187 187 255 187 255 187 187 255 187 187 187 255 255
255 255 255 255 255 255 255 255 255 255 255 255 255 255 255 255
255 255 255 255 255 255 255 255 255 255 255 255 255 255 255 255
255 255 131 131 131 255 255 255 255 255 131 255 255 133 255 255
255 131 255 253 255 131 255 255 255 255 253 131 131 255 255 255
255 131 253 131 247 131 131 131 131 255 221 214 255 255 255 255
255 131 255 247 238 131 131 255 255 255 131 131 131 131 255 255
255 255 131 131 131 131 131 131 131 255 255 255 255 255 255 255
255 255 131 255 245 131 255 131 131 131 255 255 131 131 131 255
255 255 133 131 173 255 131 131 131 255 131 213 131 133 255 255
255 255 131 255 131 255 131 255 255 255 255 131 255 253 131 255
255 255 255 131 131 131 255 255 131 255 255 131 131 255 131 255
255 255 131 131 131 131 131 255 255 131 131 131 131 131 255 255
255 131 255 247 238 131 131 255 174 255 131 238 247 255 131 255
255 131 253 131 247 131 131 131 131 131 131 247 131 253 131 255
255 131 255 253 255 131 255 133 253 131 131 255 253 255 131 255
255 255 131 131 131 255 131 255 131 131 255 131 131 131 255 255
255 255 255 255 255 255 255 255 255 255 255 255 255 255 255 255
255 255 255 255 255 255 255 255 255 255 255 255 255 255 255 255
255 255  18  18  18 255 255 255 255 255  18 255 255  22 255 255
255  18 255 251 255  18 255 255 255 255 251  18  18 255 255 255
255  18 251  18 239  18  18  18  18 255 194 178 255 255 255 255
255  18 255 240 226  18  18 255 255 255  18  18  18  18 255 255
255 255  18  18  18  18  18  18  18 255 255 255 255 255 255 255
255 255  18 255 236  18 255  18  18  18 255 255  18  18  18 255
255 255  22  18  98 255  18  18  18 255  18 175  18  23 255 255
255 255  18 255  18 255  18 255 255 255 255  18 255 252  18 255
255 255 255  18  18  18 255 255  18 255 255  18  18 255  18 255
255 255  18  18  18  18  18 255 255  18  18  18  18  18 255 255
255  18 255 239 226  18  18 255  99 255  18 226 239 255  18 255
255  18 251  18 239  18  18  18  18  18  18 239  18 251  18 255
255  18 255 251 255  18 255  22 252  18  18 255 251 255  18 255
255 255  18  18  18 255  18 255  18  18 255  18  18  18 255 255
255 255 255 255 255 255 255 255 255 255 255 255 255 255 255 255

255 255 255 255 255 255 255 255 255 255 255 255 255 255 255 255
255 246 252 224 219 230 217 236 210 226 241 209 208 207 235 255
255 234 249 217 188 233 209 227 230 231 203 247 228 234 208 255
255 253 203 214 189 247 218 206 239 209 201 229 188 228 208 255
255 248 206 210 189 247 253 229 203 210 201 234 229 247 208 255
254 199 223 209 188 225 229 199 240 245 211 201 201 203 241 255
255 244 238 239 237 240 209 248 250 228 212 252 218 208 215 255
255 255 253 218 245 191 191 201 244 209 242 218 202 221 218 255
255 255 253 218 245 191 191 201 244 231 233 247 207 218 240 255
255 255 233 208 209 217 251 207 193 239 219 209 208 232 227 255
255 241 203 201 201 211 222 243 233 209 211 201 201 203 241 255
255 208 247 229 234 201 234 222 197 207 201 234 229 247 208 255
255 208 228 188 229 201 240 215 234 209 201 229 188 228 208 255
255 208 234 228 247 203 210 213 189 230 203 247 228 234 208 255
255 235 207 208 209 241 246 231 232 255 241 209 208 207 235 255
255 255 255 255 255 255 255 255 255 255 255 255 255 255 255 255
255 255 255 255 255 255 255 255 254 254 255 255 254 254 255 255
255 240 250 199 190 211 186 220 174 202 230 171 171 169 219 255
255 218 244 186 132 216 171 205 210 212 161 242 207 218 169 254
255 252 161 180 134 242 188 167 227 171 157 208 133 207 171 254
255 243 166 174 134 240 251 209 161 173 157 217 208 242 171 255
253 154 197 171 133 201 210 154 227 238 176 157 157 161 231 255
255 235 225 226 223 229 171 243 247 207 177 249 188 170 184 254
255 255 251 189 236 139 139 157 235 174 232 188 159 193 189 254
255 255 251 188 236 138 139 157 235 212 216 241 167 189 229 255
255 255 215 169 172 187 248 169 142 227 191 173 169 213 205 255
255 231 161 157 157 176 195 234 216 172 176 157 157 161 231 255
255 171 242 208 217 157 217 195 150 168 157 217 208 242 171 255
254 171 207 133 208 157 230 182 217 171 157 208 133 207 171 254
254 169 218 207 242 161 174 178 135 210 161 242 207 218 169 254
255 219 169 171 171 230 238 212 212 254 230 171 171 169 219 255
255 255 254 254 255 255 255 255 255 255 255 255 254 254 255 255
255 255 255 255 255 255 254 255 253 254 255 254 253 254 255 255
255 226 246 148 131 171 124 189 101 155 209  96  95  92 187 255
255 185 234 126  20 181  95 161 170 175  76 230 165 185  92 254
255 250  76 113  24 229 127  88 202  96  68 167  23 165  95 253
255 233  85 102  25 228 248 169  76  99  68 184 167 230  96 254
251  62 145  97  21 154 170  63 203 224 104  68  68  76 209 255
255 218 199 201 196 206  95 234 241 166 106 244 127  94 119 254
255 255 248 129 220  32  35  69 218 100 212 128  71 138 130 254
255 255 248 129 220  32  35  68 218 174 181 228  88 130 205 255
255 255 179  92  98 125 241  90  40 201 133  98  92 175 160 254
255 209  76  68  68 104 143 216 180  96 104  68  68  76 209 255
254  96 230 167 184  68 185 142  55  90  68 184 167 230  96 254
253  95 165  23 167  68 207 118 183  96  68 167  23 165  95 253
254  92 185 165 230  76 102 109  27 170  76 230 165 185  92 254
255 187  93  95  96 209 223 174 174 253 209  96  95  93 187 255
255 255 254 253 254 255 255 255 255 255 255 254 253 254 255 255

255 255 255 255 255 255 255 255 255 255 255 255 255 255 255 255
255 235 208 208 208 241 215 218 240 227 241 208 208 208 235 255
255 207 234 228 247 203 208 221 218 232 203 247 228 234 207 255
255 208 228 188 229 201 218 202 207 208 201 229 188 228 208 255
255 209 247 229 234 201 252 218 247 209 201 234 229 247 209 255
255 241 203 201 201 211 212 242 233 219 211 201 201 203 241 255
255 226 231 209 210 245 228 209 231 239 209 207 209 230 255 255
255 210 230 239 203 240 250 244 244 193 233 197 234 189 232 255
255 236 227 206 229 199 248 201 201 207 243 222 215 213 231 255
255 217 209 218 253 229 209 191 191 251 222 234 240 210 246 255
255 230 233 247 247 225 240 191 191 217 211 201 201 203 241 255
255 219 188 189 189 188 237 245 245 209 201 234 229 247 209 255
255 224 217 214 210 209 239 218 218 208 201 229 188 228 208 255
255 252 249 203 206 223 238 253 253 233 203 247 228 234 207 255
255 246 234 253 248 199 244 255 255 255 241 208 208 208 235 255
255 255 255 255 255 254 255 255 255 255 255 255 255 255 255 255
255 255 254 254 255 255 254 254 255 255 255 255 254 254 255 255
255 219 169 171 171 231 184 189 229 205 231 171 171 169 219 255
254 169 218 207 242 161 170 193 189 213 161 242 207 218 169 254
254 171 207 133 208 157 188 159 167 169 157 208 133 207 171 254
255 171 242 208 217 157 249 188 241 173 157 217 208 242 171 255
255 230 161 157 157 176 177 232 216 191 176 157 157 161 230 255
254 202 212 171 173 238 207 174 212 227 172 168 171 210 254 255
254 174 210 227 161 227 247 235 235 142 216 150 217 135 212 255
255 220 205 167 209 154 243 157 157 169 234 195 182 178 212 255
255 186 171 188 251 210 171 139 139 248 195 217 230 174 238 255
255 211 216 242 240 201 229 139 138 187 176 157 157 161 230 255
255 190 132 134 134 133 223 236 236 172 157 217 208 242 171 255
255 199 186 180 174 171 226 189 188 169 157 208 133 207 171 254
255 250 244 161 166 197 225 251 251 215 161 242 207 218 169 254
255 240 218 252 243 154 235 255 255 255 231 171 171 169 219 255
255 255 255 255 255 253 255 255 255 255 255 255 254 254 255 255
255 255 254 253 254 255 254 254 255 254 255 254 253 254 255 255
255 187  92  95  96 209 119 130 205 160 209  96  95  92 187 255
254  92 185 165 230  76  94 138 130 175  76 230 165 185  93 254
253  95 165  23 167  68 127  71  88  92  68 167  23 165  95 253
254  96 230 167 184  68 244 128 228  98  68 184 167 230  96 254
255 209  76  68  68 104 106 212 181 133 104  68  68  76 209 255
254 155 175  96  99 224 166 100 174 201  96  90  96 170 253 255
253 101 170 202  76 203 241 218 218  40 180  55 183  27 174 255
255 189 161  88 169  63 234  69  68  90 216 142 118 109 174 255
254 124  95 127 248 170  95  35  35 241 143 185 207 102 223 255
255 171 181 229 228 154 206  32  32 125 104  68  68  76 209 255
255 131  20  24  25  21 196 220 220  98  68 184 167 230  96 254
255 148 126 113 102  97 201 129 129  92  68 167  23 165  95 253
255 246 234  76  85 145 199 248 248 179  76 230 165 185  93 254
255 226 185 250 233  62 218 255 255 255 209  96  95  92 187 255
255 255 255 255 255 251 255 255 255 255 255 254 253 254 255 255
